ijk
128 - 30,592.0
1024 - 5,72,770.0
4096 - 3,09,63,446.0
8,70,99,523.0
8192 -   21,76,15,467.0
         84,65,22,148.0
16384 -5,14,20,65,481.0 (54,69,40,200.0)
       4,39,34,48,117.0 (30,18,65,747.0)
       

2nd ijk
1024 - 3,41,380.0

unrolled ijk
128 - 22,401.0
1024 - 4,06,306.0
       3,32,323.0
4096 - 2,54,40,482.0
       3,26,24,995.0
8192 - 19,66,07,282.0
         23,87,89,333.0
16384 -1,96,86,15,325.0 (24,31,69,622.0)

naive shared
128 -  16,224.0
13,760.0
1024 - 2,57,603.0S
1,85,057.0
4096 - 1,24,52,185.0
87,90,084.0
8192 - 25,21,77,540.0
         7,03,80,284.0
16384 - 64,90,24,485.0
